"Company"
"VRTB"
